
time = [596.977
597.976
598.977
599.977
600.977
601.977
602.977
603.977
604.977
605.977
606.977
607.976
608.976
609.977
610.977
611.978
612.978
613.979
614.979
615.979
616.979
617.978
618.979
619.978
620.978
621.98
622.98
623.98
624.98
625.981
626.982
627.982
628.982
629.983
630.982
631.983
632.983
633.984
634.984
635.984
636.985
637.986
638.986
639.986
640.986
641.987
642.988
643.988
644.989
645.989
646.989
647.989
648.99
649.99
650.99
651.99
652.989
653.99
654.99
655.99
656.991
657.991
658.992
659.992
660.992
661.992
662.992
663.991
664.991
665.992
666.992
667.993
668.992
669.992
670.993
671.993
672.994
673.995
674.995
675.995
676.995
677.995
678.996
679.995
680.996
681.996
682.996
683.995
684.996
685.996
686.995
687.996
688.996
689.996
690.996
691.997
692.997
693.997
694.997
695.997
696.998
697.998
698.998
699.998
700.998
701.998
702.998
703.998
704.998
705.998
706.998
707.998
708.998
709.998
710.997
711.998
712.998
713.998
714.997
715.997
716.997
717.998
718.998
719.998
720.998
721.998
722.998
723.998
724.998
725.998
726.999
727.998
728.998
729.998
730.999
732
733.001
734.001
735.002
736.002
737.003
738.004
739.003
740.004
741.003
742.004
743.004
744.003
745.004
746.005
747.006
748.006
749.006
750.007
751.006
752.007
753.007
754.006
755.007
756.008
757.008
758.007
759.008
760.008
761.009
762.009
763.009
764.009
765.009
766.009
767.008
768.009
769.009
770.009
771.009
772.009
773.009
774.01
775.009
776.009
777.01
778.01
779.009
780.01
781.009
782.01
783.01
784.01
785.01
786.009
787.01
788.01
789.01
790.01
791.011
792.01
793.012
794.012
795.013
796.013
797.012
798.013
799.013
800.012
801.013
802.013
803.012
804.013
805.013
806.015
807.015
808.015
809.015
810.014
811.015
812.015
813.014
814.014
815.015
816.015
817.016
818.016
819.016
820.016
821.016
822.016
823.015
824.016
825.016
826.017
827.017
828.018
829.019
830.018
831.018
832.019
833.019
834.018
835.019
836.018
837.019
838.019
839.02
840.019
841.019
842.02
843.02
844.02
845.02
846.019
847.02
848.02
849.02
850.02
851.02
852.02
853.02
854.021
855.02
856.021
857.022
858.022
859.023
860.022
861.023
862.023
863.023
864.023
865.023
866.023
867.023
868.023
869.023
870.023
871.023
872.023
873.023
874.023
875.024
876.024
877.025
878.026
879.025
880.026
881.026
882.025
883.026
884.026
885.026
886.026
887.027
888.027
889.027
890.027
891.026
892.027
893.027
894.027
895.027
896.026
897.027
898.026
899.028
900.028
901.029
902.028
903.029
904.028
905.028
906.029
907.029
908.03
909.029
910.03
911.029
912.03
913.03
914.029
915.03
916.029
917.03
918.031
919.03
920.031
921.031
922.032
923.033
924.034
925.034
926.034
927.033
928.034
929.034
930.035
931.036
932.036
933.035
934.036
935.036
936.035
937.036
938.036
939.036
940.036
941.037
942.037
943.038
944.037
945.038
946.039
947.038
948.039
949.04
950.04
951.04
952.04
953.04
954.04
955.04
956.039
957.04
958.041
959.041
960.042
961.043
962.043
963.043
964.043
965.043
966.043
967.042
968.043
969.042
970.043
971.043
972.044
973.044
974.045
975.045
976.046
977.046
978.045
979.046
980.047
981.047
982.047
983.048
984.047
985.048
986.048
987.048
988.049
989.05
990.05
991.05
992.05
993.051
994.052
995.052
996.053
997.053
998.053
999.053
1000.053
1001.052
1002.053
1003.053
1004.053
1005.054
1006.054
1007.054
1008.054
1009.055
1010.055
1011.055
1012.056
1013.056
1014.056
1015.056
1016.056
1017.056
1018.056
1019.056
1020.057
1021.057
1022.057
1023.056
1024.056
1025.056
1026.057
1027.058
1028.058
1029.06
1030.06
1031.06
1032.059
1033.059
1034.06
1035.059
1036.06
1037.061
1038.061
1039.061
1040.061
1041.062
1042.062
1043.062
1044.062
1045.061
1046.061
1047.062
1048.062
1049.063
1050.063
1051.063
1052.064
1053.064
1054.064
1055.063
1056.064
1057.064
1058.063
1059.064
1060.063
1061.064
1062.064
1063.065
1064.066
1065.066
1066.067
1067.068
1068.068
1069.068
1070.068
1071.068
1072.068
1073.068
1074.067
1075.068
1076.068
1077.068
1078.067
1079.068
1080.068
1081.068
1082.068
1083.068
1084.068
1085.068
1086.068
1087.067
1088.068
1089.068
1090.068
1091.069
1092.068
1093.069
1094.07
1095.07
1096.069
1097.07
1098.069
1099.07
1100.07
1101.07
1102.07
1103.07
1104.07
1105.07
1106.071
1107.07
1108.072
1109.073
1110.073
1111.072
1112.073
1113.073
1114.074
1115.074
1116.074
1117.074
1118.074
1119.075
1120.075
1121.076
1122.076
1123.076
1124.076
1125.076
1126.076
1127.076
1128.077
1129.077
1130.077
1131.077
1132.077
1133.077
1134.076
]; % Time is in the first column
